bccvl_visualiser/tests/fixtures/biomod_2_pkg_0_to_1000.asc
ncols         886
nrows         691
xllcorner     111.975
yllcorner     -44.525
cellsize      0.05
NODATA_value  -9999
[rows 451 to 491 of 691, columns 644 to 735 of 886]
192 192 192 192 192 192 192 192 192 192 192 192 192 192 192 192 192 192 192 193 192 192 192 192 193 193 193 193 193 194 193 193 192 193 193 193 193 193 193 193 193 193 194 194 194 194 194 193 193 193 193 194 194 193 194 194 194 193 194 194 194 195 195 195 195 195 195 195 195 195 196 196 196 197 198 198 199 200 201 203 204 205 206 209 214 210 211 209 209 216 206 209
192 192 192 192 192 192 192 192 192 192 192 192 192 192 192 192 192 192 192 193 192 192 192 193 193 193 193 193 194 193 193 193 193 193 193 193 193 193 193 193 193 194 194 194 195 196 194 193 193 193 193 193 193 193 193 194 194 194 194 194 194 195 195 195 195 195 195 195 195 195 196 196 197 198 198 199 200 201 202 204 205 207 209 212 216 214 222 215 224 226 209 209
192 192 192 192 192 192 192 192 192 192 192 192 192 192 192 193 192 192 192 193 192 192 193 193 193 193 193 193 193 195 193 193 193 193 194 193 193 193 193 193 193 194 194 194 194 194 194 193 193 193 193 193 193 193 193 193 193 193 193 196 194 195 195 195 195 195 195 194 195 195 196 196 198 198 199 200 201 203 204 205 207 208 212 232 215 220 216 214 212 218 212 214
192 192 192 192 192 192 192 192 192 192 193 192 193 193 193 193 193 193 193 193 193 193 193 193 193 193 193 194 195 193 193 193 194 194 194 194 193 193 193 193 194 196 194 194 194 194 194 194 193 193 193 193 193 193 193 194 193 193 193 194 194 194 195 195 195 194 194 195 195 197 196 197 198 200 200 201 202 205 206 206 208 210 213 236 214 213 213 212 217 211 216 222
192 192 192 192 192 192 192 192 193 193 193 193 193 193 193 193 193 193 193 193 194 193 193 193 193 194 194 194 193 193 193 193 194 194 194 194 193 193 193 194 194 194 194 194 194 195 194 196 194 194 193 193 193 193 193 193 193 193 193 194 194 194 194 195 195 195 194 195 195 195 197 197 199 199 200 201 203 205 206 208 211 212 215 228 216 215 218 215 216 212 214 220
192 192 192 192 192 193 192 193 193 193 193 193 193 193 193 193 193 193 193 193 194 194 194 194 195 196 195 195 193 193 193 194 194 194 194 194 194 194 194 194 194 195 194 194 194 195 194 194 194 194 193 193 193 193 193 193 193 193 193 193 193 194 194 195 195 195 195 196 195 196 196 198 199 200 201 203 204 205 207 211 212 213 216 224 219 218 221 215 216 215 214 217
193 193 193 192 193 193 193 193 193 193 193 193 193 193 193 193 193 193 193 193 193 193 194 195 194 194 194 194 194 193 194 194 194 195 195 194 194 194 194 194 194 195 194 194 194 194 194 193 193 193 193 193 193 193 193 193 193 193 193 193 193 194 194 195 195 195 195 195 195 196 196 198 199 200 201 203 203 205 207 210 214 216 217 221 227 220 220 219 220 224 219 222
193 193 193 193 193 193 193 193 193 193 193 193 193 193 193 193 193 193 194 194 194 194 194 194 194 194 195 195 197 194 194 194 194 195 195 194 195 194 194 194 195 196 195 194 194 194 194 193 193 193 193 193 193 193 193 193 193 193 193 193 193 194 195 195 195 195 195 195 195 195 197 197 199 200 201 203 204 206 208 211 213 216 218 228 232 222 223 222 221 222 218 219
193 193 193 193 193 193 193 193 193 193 193 193 193 194 194 194 194 194 194 194 194 194 195 195 194 195 196 194 194 194 194 194 194 194 194 194 195 194 194 195 195 195 195 194 194 194 194 193 193 193 194 193 193 193 193 193 193 193 193 193 194 194 194 195 195 195 195 195 195 196 197 197 198 199 201 203 204 206 210 212 215 217 220 227 227 226 230 240 225 224 222 223
193 193 193 193 193 193 193 193 193 193 193 194 194 194 194 194 194 194 194 194 194 194 195 195 196 194 194 194 194 194 194 194 194 194 194 194 194 194 194 194 194 195 194 194 194 194 194 194 194 194 194 193 193 193 193 193 193 193 193 194 193 193 193 194 194 194 194 194 195 195 197 198 198 198 201 202 204 207 209 212 218 218 219 221 224 237 237 250 230 228 228 232
193 193 193 193 193 193 193 193 193 193 194 194 194 194 194 194 194 195 195 195 194 194 194 194 198 194 194 194 194 194 194 194 194 194 194 195 195 195 194 194 194 195 194 194 194 194 194 194 194 193 193 193 193 193 193 193 193 193 193 194 193 193 193 193 194 194 194 194 196 195 196 197 197 198 199 201 203 206 206 213 215 214 217 221 228 236 249 242 237 227 239 234
193 193 193 193 193 193 193 193 194 194 194 194 194 194 194 195 195 195 195 195 195 195 195 194 194 194 194 194 194 194 194 195 195 195 195 195 195 197 195 195 195 195 194 194 194 194 194 194 194 194 194 194 194 193 193 193 193 193 193 193 193 193 193 193 193 193 194 194 196 195 195 196 196 197 199 203 202 204 206 212 214 212 217 217 226 233 241 233 244 225 238 223
193 193 193 193 193 194 194 194 194 194 194 194 194 195 195 195 195 195 196 196 195 195 195 195 195 195 195 195 194 195 195 195 195 195 195 195 196 195 195 195 195 195 195 195 194 194 194 194 194 194 194 195 194 194 193 193 193 193 193 193 193 193 193 193 193 193 193 194 194 194 195 195 196 199 198 199 200 202 205 210 208 214 217 215 227 228 238 241 229 227 219 220
194 194 194 194 194 194 194 194 194 194 194 195 195 195 195 195 195 196 196 196 196 195 195 195 195 195 195 195 195 195 195 195 195 195 195 196 196 196 195 195 196 195 195 195 195 194 194 195 194 194 194 195 194 194 194 193 193 193 193 193 193 193 193 193 193 193 193 194 194 194 194 195 196 198 197 198 199 201 203 204 207 209 211 222 226 227 234 234 229 222 215 222
194 194 194 194 194 194 194 194 194 194 195 195 195 195 195 196 196 196 196 196 196 196 196 195 195 195 195 195 195 195 195 195 196 195 196 196 196 196 195 195 196 195 195 195 195 195 195 195 194 194 194 194 194 194 194 194 193 193 193 193 193 193 193 193 193 193 193 193 194 194 194 195 195 196 197 198 199 200 202 203 207 210 214 221 234 224 222 235 218 213 220 222
194 194 194 194 194 194 194 194 194 195 195 195 195 195 196 196 196 196 196 196 196 196 196 196 196 196 195 196 195 196 195 195 195 196 196 196 196 196 196 196 196 196 196 196 195 195 195 195 195 194 194 194 194 194 194 194 193 193 193 193 193 193 193 193 193 193 193 193 193 194 194 194 195 195 196 197 200 200 200 202 203 207 219 213 212 229 218 213 224 211 219 218
194 194 194 194 194 194 194 195 195 195 195 195 195 196 196 196 196 196 196 196 196 196 196 196 196 196 196 196 196 196 196 196 196 196 196 196 196 196 196 197 199 197 196 195 195 195 195 194 195 195 194 195 195 194 194 194 193 193 193 193 193 193 193 193 193 193 193 193 193 194 194 194 197 195 196 197 198 198 199 200 202 204 209 209 213 207 210 209 210 211 216 217
194 194 194 194 194 194 195 195 195 195 195 195 196 196 196 196 196 196 196 196 196 196 196 196 196 196 196 196 196 196 196 196 197 197 197 196 196 196 196 198 200 197 198 196 195 195 195 195 195 195 195 195 195 195 194 194 194 193 193 193 193 193 193 194 193 193 193 193 193 193 194 194 195 195 195 196 197 197 198 199 200 202 205 207 204 208 242 217 210 213 216 229
194 194 194 194 194 195 195 195 195 195 195 196 196 196 196 196 196 196 196 196 196 196 196 196 196 196 196 196 196 196 196 197 197 198 200 197 197 197 196 196 196 196 198 196 195 195 195 195 195 196 195 196 195 195 194 194 194 193 193 193 193 193 194 193 193 193 193 193 193 193 193 196 194 195 195 196 197 197 198 199 200 201 202 203 208 209 247 228 211 210 218 215
194 194 194 195 195 195 195 195 195 196 196 196 196 196 196 196 196 196 196 196 196 196 196 196 196 196 196 196 196 196 196 197 197 198 200 197 196 197 196 196 196 197 198 196 195 195 195 195 195 196 197 197 196 195 194 194 194 194 194 193 193 193 194 193 193 193 193 193 193 193 193 194 194 194 195 196 196 197 198 201 200 202 201 202 205 205 208 212 208 207 210 212
195 195 195 195 195 195 195 195 195 196 196 196 196 196 196 196 196 197 197 197 197 197 197 197 197 197 196 197 196 196 196 196 197 198 199 199 196 197 198 196 196 196 195 195 195 195 195 195 195 196 196 196 196 196 195 195 194 194 193 193 193 193 194 193 193 193 193 193 193 193 193 194 194 194 195 195 196 197 198 200 201 201 203 204 203 208 205 206 206 206 209 211
195 195 195 195 195 195 195 195 196 196 196 196 196 197 197 197 197 197 197 197 197 197 197 197 197 197 197 197 197 196 196 196 197 197 200 197 197 197 197 197 197 197 196 195 195 195 195 195 195 195 196 196 195 195 195 194 195 194 194 193 193 194 194 193 193 193 193 193 193 193 193 194 194 194 195 196 196 197 198 199 201 202 204 203 203 204 204 205 206 211 215 216
195 195 195 195 195 195 196 196 196 196 196 196 197 197 197 197 197 197 197 197 197 197 197 197 197 197 197 197 197 196 196 196 196 197 201 197 197 197 199 198 198 199 198 197 196 196 195 195 196 196 196 196 195 195 195 195 194 194 194 194 194 194 194 193 193 193 192 192 192 193 193 194 195 195 196 196 197 198 199 200 201 203 207 204 205 205 205 209 209 217 235 227
195 195 195 195 195 196 196 196 196 196 196 196 197 197 197 197 197 197 197 197 197 197 197 197 197 197 197 197 197 196 196 196 196 196 197 198 197 197 198 200 200 203 202 198 198 196 196 196 196 196 196 196 196 195 196 195 195 195 194 194 194 194 194 193 193 193 192 192 192 193 193 194 195 195 196 199 197 198 199 202 206 204 204 209 218 208 210 208 210 215 238 237
195 195 195 195 196 196 196 196 196 196 197 197 197 197 197 197 197 197 197 197 197 197 197 197 197 197 197 197 197 196 196 196 196 197 197 197 197 198 199 198 200 203 202 200 197 197 196 197 196 196 197 196 197 196 196 196 196 195 195 194 194 194 194 193 193 193 192 192 192 193 193 193 194 195 196 198 198 203 200 204 207 205 208 228 210 224 212 211 211 217 240 231
195 195 195 196 196 196 196 196 197 197 197 197 197 197 197 197 197 198 198 198 198 198 197 197 198 198 197 197 196 196 197 197 197 197 197 197 197 200 204 201 202 201 200 198 197 197 197 197 197 197 197 197 198 197 197 196 196 196 196 195 195 194 194 194 193 193 193 192 193 193 193 193 194 196 196 197 200 201 202 214 208 212 212 222 219 217 213 210 213 216 234 225
195 196 196 196 196 196 196 197 197 197 197 197 197 198 197 198 198 198 198 198 198 198 198 198 198 197 197 197 197 196 197 197 197 197 197 197 198 202 199 199 202 200 199 198 197 197 197 198 199 199 199 198 198 199 198 197 197 196 197 196 195 195 194 194 194 193 193 193 193 193 193 194 194 195 196 198 200 203 204 216 215 211 225 233 229 231 224 213 214 217 220 235
196 196 196 196 196 196 197 197 197 197 197 198 198 198 198 198 198 198 198 198 198 198 198 198 198 197 197 197 197 197 197 197 197 197 198 199 198 200 198 199 201 200 200 198 198 198 198 199 198 200 200 200 199 199 200 199 198 197 197 196 196 195 195 194 194 193 193 193 193 193 194 194 194 195 196 206 207 204 206 210 213 216 214 230 229 223 230 216 215 221 226 223
196 196 196 196 197 197 197 197 197 197 198 198 198 198 198 198 198 198 199 198 198 198 199 198 198 198 197 197 197 197 197 197 197 198 198 202 198 198 199 200 202 201 200 199 198 198 198 198 198 200 202 199 199 198 200 199 198 197 198 197 196 196 195 195 194 194 194 194 194 194 194 194 195 195 196 199 217 205 210 208 215 213 213 217 217 220 230 224 217 221 225 240
196 196 196 197 197 197 197 197 198 198 198 198 198 198 199 199 199 199 199 199 199 199 199 199 198 198 198 198 197 197 197 197 197 199 199 198 198 198 198 199 204 203 201 199 199 198 198 198 198 198 199 199 198 198 198 198 198 197 197 197 196 196 195 195 194 194 194 194 194 194 194 195 195 196 197 198 201 211 215 205 208 208 210 213 214 224 217 216 221 223 228 240
196 196 197 197 197 197 197 197 198 198 198 198 198 199 199 199 199 199 199 199 199 199 199 199 199 198 198 198 198 197 198 197 198 198 199 199 198 199 198 199 205 203 200 201 199 198 198 198 198 198 199 202 198 198 198 198 198 198 198 197 196 196 196 196 195 194 194 195 194 194 194 195 195 196 196 198 199 200 201 204 207 211 211 215 223 233 217 218 231 236 236 241
197 197 197 197 197 197 197 197 198 198 198 198 198 199 199 199 199 199 199 199 199 199 199 199 199 199 199 198 198 198 198 198 198 198 200 199 199 199 199 199 201 204 202 201 199 199 198 198 198 199 199 202 199 198 200 200 199 199 199 198 197 197 196 195 195 195 195 195 195 195 195 195 195 196 197 197 199 200 202 204 206 210 211 217 225 217 214 231 232 246 230 233
197 197 197 197 197 197 198 198 198 198 198 198 199 199 199 199 199 200 200 200 200 200 200 200 200 199 199 199 198 198 198 198 198 199 199 200 199 199 199 199 200 211 202 200 199 199 199 199 199 199 199 199 199 199 201 200 200 200 199 199 198 198 197 196 196 196 196 195 195 195 195 195 196 196 197 198 199 202 203 205 207 209 213 220 218 216 217 233 242 238 231 233
197 197 197 197 198 198 198 198 198 198 198 199 199 199 199 199 200 200 200 200 200 200 200 200 200 200 199 199 199 199 199 199 199 199 199 200 200 200 203 200 200 201 204 200 200 200 200 199 199 199 199 200 200 200 201 202 200 199 199 199 199 198 197 197 196 196 198 196 197 196 195 196 196 197 198 198 200 204 206 209 210 212 213 218 217 214 233 223 233 238 230 230
197 197 197 197 198 198 198 198 198 198 199 199 199 199 199 200 200 200 200 200 200 200 201 201 200 200 200 200 199 199 199 199 199 200 200 201 203 201 201 201 201 201 202 201 201 201 200 200 200 200 200 200 202 201 203 201 199 199 199 199 199 198 198 198 197 197 197 196 197 196 196 196 196 197 198 199 203 204 208 217 214 211 216 221 215 214 217 221 228 237 235 234
197 198 198 198 198 198 198 198 198 199 199 199 199 199 199 200 200 200 200 200 201 201 201 201 201 200 200 200 200 200 200 200 200 201 201 201 202 202 202 202 202 202 202 203 202 201 201 201 201 200 200 201 203 203 201 200 200 200 199 199 198 198 198 197 197 197 200 197 198 196 196 197 196 197 198 199 200 204 210 219 217 221 222 226 222 215 219 227 233 232 238 232
198 198 198 198 198 198 198 198 199 199 199 199 199 199 200 200 200 200 200 200 201 201 201 201 201 201 200 200 200 200 200 201 201 201 201 202 202 203 203 203 203 205 203 203 203 202 202 201 201 201 201 201 203 202 201 201 201 202 200 199 199 198 198 198 198 198 198 197 197 196 197 200 197 197 199 200 202 204 207 216 222 225 220 225 220 220 220 226 231 237 232 235
198 198 198 199 199 199 199 199 199 199 199 199 199 200 200 200 200 200 201 201 201 201 201 201 201 201 201 200 200 201 200 201 201 201 202 202 202 203 203 203 203 203 203 203 207 204 203 203 202 202 201 201 201 201 202 201 202 202 202 201 200 200 199 198 199 199 198 198 198 197 198 198 198 198 200 200 203 206 212 220 223 226 224 220 221 222 229 232 232 230 230 229
199 199 199 199 199 199 199 199 199 199 199 199 200 200 200 200 200 201 201 201 201 201 201 201 201 200 200 200 200 200 201 201 201 201 202 202 203 203 203 203 203 203 203 203 204 205 204 203 204 203 201 202 203 203 202 203 203 202 201 201 201 201 200 200 200 200 199 200 198 198 199 200 199 200 200 202 204 207 211 223 231 221 225 218 218 226 228 230 233 230 230 236
199 199 199 199 199 199 199 199 199 199 199 200 200 200 200 200 200 201 201 201 201 201 201 201 201 201 201 200 200 200 200 200 201 201 201 202 202 203 203 203 203 203 203 203 202 202 209 208 205 206 202 201 201 203 202 202 202 202 201 201 202 201 202 202 202 201 200 200 199 199 202 201 206 202 202 205 207 215 224 225 236 221 222 215 218 225 226 226 234 242 233 242
200 200 200 200 200 199 199 199 199 199 200 200 200 200 200 200 200 201 201 201 201 201 201 201 201 201 201 200 200 200 200 200 200 201 201 202 202 202 202 202 202 202 202 202 202 202 202 203 202 202 200 200 200 201 201 202 202 202 201 201 201 202 203 202 202 203 202 201 200 200 202 207 211 204 203 210 220 214 224 229 223 222 215 213 221 230 218 230 236 249 242 246
