bccvl_visualiser/tests/fixtures/biomod_2_pkg_0_to_1000.asc
ncols         886
nrows         691
xllcorner     111.975
yllcorner     -44.525
cellsize      0.05
NODATA_value  -9999
[rows 287 to 327 of 691, columns 644 to 735 of 886]
190 190 190 191 191 191 191 191 191 191 191 191 191 191 191 191 191 191 191 191 191 192 192 192 192 192 192 192 192 192 193 193 193 193 194 194 195 195 196 196 201 199 199 196 198 200 198 197 197 198 200 198 198 199 198 199 202 198 198 197 198 198 199 197 196 196 198 198 203 198 199 205 202 199 203 199 200 199 201 202 201 202 200 199 199 199 200 200 199 200 200 201
190 190 190 190 191 191 191 191 191 191 191 191 191 191 191 191 191 191 191 191 191 192 192 192 192 192 192 192 192 192 192 193 193 193 194 194 195 196 197 196 197 198 198 196 197 198 199 199 198 200 198 199 199 198 197 197 197 198 197 197 197 197 197 197 197 197 198 199 200 198 199 201 205 200 201 199 200 200 200 204 205 200 200 201 200 199 199 199 199 200 200 201
190 190 190 190 190 191 191 191 191 191 191 191 191 191 191 191 191 191 191 191 191 192 192 192 192 192 192 192 192 192 192 193 193 193 194 194 195 196 195 197 195 196 200 195 196 197 198 199 199 197 196 197 197 197 197 197 196 196 196 197 196 197 197 197 198 198 198 200 200 199 201 200 200 200 200 201 200 200 201 202 203 206 201 201 201 200 200 200 200 200 201 201
190 190 190 190 191 191 191 191 191 191 191 191 191 191 191 191 191 191 191 191 191 191 192 192 192 192 192 192 192 193 192 193 193 193 194 194 194 195 195 195 195 195 196 195 195 196 196 198 198 199 198 196 196 196 196 197 196 197 196 197 198 199 197 198 198 199 199 201 200 201 206 201 201 202 201 204 204 203 201 207 215 204 202 202 200 201 201 200 200 200 201 201
190 190 190 190 191 191 191 191 191 191 191 191 191 191 191 191 191 191 191 191 191 191 192 192 192 192 192 192 192 192 192 193 193 193 193 193 194 194 194 195 194 194 194 194 195 196 196 196 198 201 200 199 200 197 196 196 196 196 197 198 198 198 197 198 199 198 199 200 201 202 203 203 205 201 210 206 210 202 208 210 216 206 202 201 202 201 201 201 201 201 201 203
190 190 190 191 191 191 191 191 191 191 191 191 191 191 191 191 191 191 191 191 191 191 191 192 192 192 192 192 192 192 192 192 193 193 193 193 193 194 194 194 194 194 195 197 196 196 197 197 198 200 199 199 201 205 197 197 197 196 197 198 198 197 198 199 199 200 201 200 201 202 206 212 208 205 229 219 209 210 216 208 202 203 202 207 202 201 201 205 202 201 201 203
190 190 190 191 191 191 191 191 191 191 191 191 191 191 191 191 191 191 191 191 191 191 191 192 192 192 192 192 192 193 192 193 193 193 193 193 193 193 194 194 194 194 196 195 195 196 197 196 198 199 199 201 202 202 205 200 198 197 197 198 197 198 199 199 199 200 203 201 204 204 205 210 230 220 242 223 228 237 235 208 223 212 204 203 203 202 202 205 203 203 202 202
190 190 190 191 191 191 191 191 191 191 192 192 191 191 191 191 191 191 191 191 191 191 191 191 192 192 192 192 192 193 193 193 193 193 193 193 193 193 193 194 194 195 195 195 195 195 197 198 197 198 199 200 200 201 203 206 201 197 198 198 198 204 200 200 199 200 200 202 204 210 219 221 231 251 220 229 217 210 204 216 209 207 207 204 203 202 203 203 207 204 202 203
191 191 191 191 191 191 191 191 191 192 192 192 191 191 191 191 191 191 191 191 191 191 191 191 191 191 192 192 192 192 193 193 193 194 193 193 193 194 194 194 194 195 196 196 197 195 196 196 197 200 201 199 199 200 202 202 199 200 200 200 198 204 205 203 200 200 204 202 204 208 226 242 238 234 226 248 223 220 213 222 208 223 211 204 203 204 204 205 208 204 203 203
191 191 191 191 191 191 191 191 192 192 192 192 192 191 191 191 191 191 191 191 191 191 191 191 192 191 192 192 192 192 192 193 194 194 193 194 193 194 194 194 194 194 195 195 195 195 196 196 197 198 199 199 198 200 201 201 201 201 202 200 199 201 201 208 206 201 214 205 208 221 225 227 222 254 288 217 214 212 238 220 215 205 206 206 209 206 208 206 207 205 203 204
191 191 191 191 191 191 191 191 192 192 192 192 192 191 191 191 191 191 191 191 191 191 191 191 192 192 192 192 192 192 192 194 194 193 193 193 193 194 194 193 193 194 194 194 194 195 196 197 197 197 197 198 198 199 200 199 199 199 198 200 199 200 204 206 207 204 215 212 211 214 218 224 240 233 238 223 219 269 213 245 208 208 209 206 207 208 208 207 207 207 204 204
191 191 191 191 191 191 191 191 192 192 192 192 192 192 192 191 191 191 191 191 191 191 191 192 192 191 192 192 192 192 192 193 193 193 194 194 194 194 194 194 193 194 194 194 194 195 195 196 196 196 197 197 198 199 202 199 199 199 202 201 200 205 208 208 210 207 210 210 218 219 221 222 217 227 231 243 264 278 245 262 256 219 208 207 211 209 211 207 205 207 207 205
191 191 191 191 191 191 191 191 192 191 191 192 192 192 192 191 191 192 192 191 191 191 191 192 192 192 192 192 192 192 192 193 193 193 193 194 194 194 194 194 194 194 194 194 194 194 195 196 197 198 197 198 199 199 200 200 200 199 201 202 201 203 204 205 206 206 208 212 215 216 214 215 218 226 230 226 235 258 238 267 221 209 213 209 211 209 207 206 205 204 209 205
191 191 191 191 191 191 191 191 192 191 192 191 192 192 192 191 192 192 192 192 191 191 191 192 192 192 192 192 192 192 192 193 193 193 193 193 193 194 194 194 194 194 194 194 194 195 195 195 196 197 198 199 200 199 200 202 202 200 202 202 202 203 203 203 204 206 207 210 210 209 210 217 225 221 215 228 219 234 222 225 285 217 208 208 208 208 207 207 206 205 205 205
191 191 191 191 191 191 191 191 191 191 191 191 191 192 192 191 192 192 192 192 191 191 191 191 192 192 192 192 192 192 193 193 193 193 193 193 193 194 194 193 193 193 193 194 194 194 195 195 196 196 196 197 198 199 199 201 202 200 200 201 201 201 202 208 205 206 205 209 208 211 223 215 213 220 212 216 222 226 270 216 211 213 207 208 207 207 209 207 206 205 205 205
190 191 191 191 191 191 191 191 191 191 191 192 192 192 191 191 191 192 192 192 191 191 191 192 192 192 192 192 192 193 193 193 193 193 193 193 194 193 193 193 193 193 193 194 194 194 195 195 195 195 196 197 197 197 198 199 199 200 199 200 200 203 202 205 208 216 208 208 209 212 220 216 210 211 215 213 214 217 218 225 219 213 208 208 208 207 207 206 206 205 205 205
191 190 191 191 191 191 191 191 191 191 191 191 192 191 192 191 191 192 192 192 192 192 192 192 192 192 192 192 192 193 193 192 193 193 193 193 193 193 193 193 193 193 193 193 194 194 194 195 195 196 196 197 197 199 199 201 199 199 199 199 200 200 202 205 208 208 218 210 208 208 209 215 208 207 208 210 213 214 212 215 212 223 210 210 210 215 215 207 206 206 205 205
190 191 191 191 191 191 191 191 191 191 191 191 191 191 191 192 192 192 192 192 191 191 192 192 192 192 192 192 192 192 192 192 193 193 193 193 193 193 193 193 193 193 193 193 194 194 194 194 195 195 196 197 198 199 199 198 200 198 199 199 200 201 202 203 204 206 209 207 204 207 208 212 206 204 207 208 209 208 208 211 212 216 241 225 217 212 213 208 210 207 206 205
191 191 191 191 191 191 191 191 191 191 191 191 191 191 191 191 192 192 191 191 191 191 192 192 192 192 192 192 192 192 192 192 192 193 193 193 193 193 193 193 193 193 193 193 194 194 194 194 195 195 195 196 196 198 197 197 198 198 197 198 199 201 201 202 203 203 204 204 204 207 207 203 204 204 206 207 206 206 207 208 209 212 215 222 232 221 221 218 213 217 212 207
191 191 191 191 191 191 191 191 191 191 191 191 191 191 191 191 191 191 191 191 191 191 192 192 192 192 192 192 192 192 192 192 192 192 193 193 193 192 192 193 193 193 193 193 194 194 194 194 194 194 195 196 196 197 196 196 198 200 197 198 200 201 201 201 202 202 201 202 205 207 205 202 202 204 205 204 204 204 206 206 207 209 214 213 214 217 212 214 212 215 213 219
190 191 191 190 191 191 191 191 191 191 191 191 191 191 191 191 191 191 191 191 191 191 191 191 191 192 192 192 192 192 192 192 192 192 193 193 192 192 192 193 193 193 193 193 193 194 194 194 194 195 195 195 196 196 196 196 197 197 197 198 199 200 199 200 200 201 202 202 204 202 203 201 202 202 203 204 204 204 203 206 206 207 209 212 212 214 209 208 214 209 214 215
190 190 190 190 191 191 191 191 191 191 191 191 191 191 191 191 191 191 191 191 191 191 191 191 191 192 192 192 192 192 191 192 192 192 192 192 192 192 192 192 193 193 193 193 193 194 194 194 194 194 195 195 196 196 196 196 196 196 197 198 200 199 199 199 200 200 202 201 202 201 201 202 203 202 202 203 203 202 202 203 206 206 208 209 209 207 207 207 210 210 211 215
190 190 190 190 190 191 191 191 191 191 191 191 191 191 191 191 191 191 191 191 191 191 191 191 191 191 192 192 192 191 191 191 191 192 192 192 192 192 192 192 193 193 193 193 193 194 194 194 194 194 195 195 195 195 195 196 197 197 198 198 198 198 198 199 200 201 201 200 199 201 199 201 202 201 201 201 203 201 201 203 204 205 206 209 211 208 208 207 206 208 207 210
190 190 190 190 190 190 191 191 191 191 191 191 191 191 191 191 191 191 191 191 191 191 192 192 192 192 192 191 191 191 191 191 191 192 192 192 192 192 192 192 192 193 193 193 193 193 194 193 194 194 195 195 194 195 196 196 196 198 199 198 197 198 198 199 200 201 201 201 201 199 200 202 202 201 200 201 201 201 201 202 203 205 205 206 207 208 206 207 206 205 204 207
190 190 190 190 190 190 191 190 191 191 191 191 191 191 191 191 191 191 191 191 191 192 192 192 192 192 191 191 191 191 191 191 191 192 192 192 192 192 192 192 192 193 193 193 193 193 193 193 194 195 195 195 194 195 195 195 196 197 197 197 196 198 197 198 199 200 201 200 199 199 200 200 200 201 200 200 200 200 201 202 203 203 205 206 205 206 205 205 206 206 207 207
190 190 190 190 190 190 190 190 191 191 191 191 191 191 191 191 191 191 191 191 191 191 192 192 192 191 191 191 191 191 191 191 191 191 192 192 192 192 192 192 192 192 192 193 193 193 193 194 194 194 194 194 194 194 195 195 195 196 196 196 197 198 198 198 199 199 199 199 198 199 199 199 200 200 200 200 199 200 201 200 202 204 205 205 206 206 205 205 205 204 205 204
190 190 190 190 190 190 190 190 191 191 191 191 191 191 191 191 191 191 191 191 191 191 191 191 191 191 191 191 191 191 191 191 191 191 192 192 192 192 192 192 192 192 192 193 193 193 193 194 194 194 194 194 194 194 195 195 195 195 196 198 199 198 197 198 198 198 198 198 198 198 199 199 199 199 199 199 199 199 200 201 202 203 205 203 203 205 204 203 206 204 205 207
190 190 190 190 190 190 190 190 190 190 190 190 191 191 191 191 191 191 191 191 191 191 191 191 191 191 191 191 191 191 191 191 191 191 192 192 192 192 192 192 192 192 192 193 193 193 193 194 194 194 194 194 194 194 194 195 195 196 196 197 200 198 198 198 198 198 198 198 197 197 198 198 199 198 199 199 199 201 200 201 202 205 208 206 202 202 201 202 203 203 204 206
190 190 190 190 190 190 190 190 190 190 190 190 191 191 191 191 191 191 191 191 191 191 191 191 191 191 191 191 191 191 191 191 191 191 191 192 192 192 192 192 192 192 192 193 193 193 193 193 194 193 194 194 194 194 194 195 196 196 196 197 200 199 198 198 198 197 198 197 197 198 199 197 198 198 197 198 199 199 200 201 203 219 219 203 202 202 203 202 202 201 201 203
190 190 190 190 190 190 190 190 190 190 190 190 191 191 191 191 191 191 191 191 191 191 191 191 191 191 191 191 191 191 191 191 191 191 191 192 192 192 192 192 192 192 192 192 193 193 193 193 193 193 194 194 194 194 194 195 196 196 197 198 198 199 198 198 197 197 198 199 198 198 197 198 198 197 198 198 199 200 200 201 202 209 202 202 202 203 202 202 201 201 201 202
190 190 190 190 190 190 190 190 190 190 190 190 190 190 191 191 191 191 191 191 191 191 191 191 191 191 191 191 191 191 191 191 191 191 191 191 192 191 192 191 192 192 192 192 192 192 193 193 193 193 193 194 194 194 195 195 195 196 197 197 197 199 198 197 197 198 198 198 197 198 197 197 197 197 198 198 198 198 200 200 201 206 218 220 204 202 201 201 201 201 201 201
190 190 190 190 190 190 190 190 190 190 190 190 190 190 191 191 191 191 191 191 191 191 191 191 191 191 191 191 191 191 191 191 191 191 191 191 191 191 191 191 192 192 192 192 192 192 192 193 193 193 194 194 194 194 194 195 195 196 196 196 198 198 198 198 197 197 199 197 198 198 197 197 197 196 197 198 198 199 199 200 201 212 206 201 201 200 200 200 201 201 201 200
190 190 190 190 190 190 190 190 190 190 190 190 190 190 190 191 191 191 191 191 191 191 191 191 191 191 191 191 191 191 191 191 191 191 191 191 191 191 191 191 192 192 192 192 192 192 192 193 193 193 193 193 194 194 195 195 195 196 195 196 197 199 197 198 198 198 199 198 199 197 197 197 197 196 197 197 199 200 200 202 201 213 201 201 200 200 200 200 201 201 200 200
190 190 190 190 190 190 190 190 190 190 190 190 190 190 190 191 191 191 191 191 191 191 191 191 191 191 191 191 191 191 191 191 191 191 191 191 191 191 191 191 192 192 192 192 192 192 192 193 193 193 193 193 193 194 194 194 195 194 195 195 197 199 197 196 197 198 198 199 197 197 196 196 196 196 196 197 199 200 203 201 203 208 200 200 200 200 200 200 200 200 201 199
190 190 190 190 190 190 190 190 190 190 190 190 190 190 190 191 191 191 191 191 191 191 191 191 191 191 191 191 191 191 191 191 191 191 191 191 191 191 191 191 191 191 192 192 191 192 192 192 193 193 193 193 194 194 194 194 194 194 195 195 196 196 196 197 198 200 198 197 197 197 196 196 196 195 196 197 197 200 201 203 203 206 202 200 199 199 200 199 200 200 201 199
190 190 190 190 190 190 190 190 190 190 190 190 190 190 191 191 191 191 191 191 191 191 191 191 191 191 191 191 191 191 191 191 191 191 191 191 191 191 191 191 191 191 191 191 191 191 192 192 193 193 193 194 194 194 193 194 194 194 194 195 195 195 196 196 197 198 197 197 196 197 196 196 195 195 197 196 197 200 200 202 201 200 201 199 198 198 199 199 198 199 200 199
190 190 190 190 190 190 190 190 190 190 190 190 190 190 191 191 191 191 191 191 191 191 191 191 191 191 191 191 191 191 191 191 191 191 191 191 191 191 191 191 191 191 191 191 191 191 192 192 192 193 193 193 193 194 193 193 193 194 194 194 195 195 197 198 198 197 197 197 196 195 197 197 195 195 195 195 197 200 199 199 200 199 202 200 198 198 199 200 198 198 201 199
190 190 190 190 190 190 190 190 190 190 190 190 190 191 191 191 191 191 191 191 191 191 191 191 191 191 191 191 191 191 191 191 191 191 191 191 191 191 191 191 191 191 191 191 191 191 192 192 192 192 193 193 193 194 193 193 194 194 194 194 195 195 196 198 198 197 196 197 196 196 196 196 196 195 194 195 196 198 198 197 198 200 201 199 198 197 199 198 198 198 198 199
190 190 190 190 190 190 190 190 190 190 190 190 190 191 190 191 191 191 191 191 191 191 191 191 191 191 191 191 191 191 191 191 191 191 191 191 191 191 191 191 191 191 191 191 191 191 191 192 192 192 193 193 193 193 193 193 194 194 193 194 194 195 195 196 196 196 196 195 195 195 195 195 196 196 195 195 196 197 198 198 198 200 199 199 198 197 197 198 198 198 197 199
190 190 190 190 190 190 190 190 190 190 190 190 190 190 191 191 191 191 191 191 191 191 191 191 191 191 191 191 191 191 191 191 191 191 191 191 191 191 191 191 191 191 191 191 191 191 191 192 192 193 193 193 193 193 193 193 193 193 193 193 194 195 195 195 195 195 195 194 195 194 194 195 194 195 194 195 196 196 198 197 197 198 198 199 198 197 198 197 197 198 197 197
190 190 190 190 190 190 190 190 190 190 190 190 190 190 191 190 191 191 191 191 191 191 191 191 191 191 191 191 191 191 191 191 191 191 191 191 191 191 191 191 191 191 191 191 191 191 191 192 192 192 192 193 193 193 193 193 193 193 193 193 194 195 195 194 195 195 194 194 194 195 194 195 194 194 194 194 195 195 196 198 196 197 197 198 199 198 198 197 197 197 198 196
