bccvl_visualiser/tests/fixtures/biomod_2_pkg_0_to_1000.asc
ncols         886
nrows         691
xllcorner     111.975
yllcorner     -44.525
cellsize      0.05
NODATA_value  -9999
[rows 533 to 573 of 691, columns 644 to 735 of 886]
233 240 240 239 240 242 244 249 254 261 268 270 266 268 272 276 278 271 275 269 267 270 272 278 281 287 290 294 295 298 302 309 319 326 325 327 324 321 329 333 347 358 410 399 434 431 474 482 501 509 515 451 535 542 565 458 582 601 628 669 361 578 509 614 626 604 595 606 608 584 539 413 539 530 328 439 332 481 302 239 352 377 292 346 264 280 250 246 239 224 206 206
237 250 245 247 246 250 251 256 261 271 279 275 277 282 281 286 278 274 273 272 272 275 278 283 291 297 300 303 304 311 327 328 357 342 346 362 336 341 366 377 393 414 435 444 444 483 506 522 533 541 547 309 400 576 576 603 563 597 532 689 700 677 524 287 583 647 596 604 570 587 532 541 541 522 512 513 311 471 226 399 350 364 299 304 287 245 233 232 229 228 230 217
247 258 257 259 257 255 256 261 269 281 285 287 290 297 296 299 290 289 277 277 278 280 285 293 302 310 316 317 326 331 337 346 366 364 365 354 351 362 377 412 424 440 455 483 492 523 542 546 555 572 579 298 242 605 618 630 576 418 570 720 730 453 206 198 241 387 593 422 583 574 550 531 533 482 519 485 456 246 432 344 233 290 345 313 261 326 301 274 222 245 249 245
269 269 279 260 257 265 260 273 273 288 292 301 307 300 294 297 295 289 282 282 283 288 296 304 315 323 330 338 331 335 340 360 370 379 369 363 381 386 410 424 439 448 464 470 511 555 500 524 565 599 540 522 392 634 633 577 639 724 667 534 320 408 198 219 494 322 403 573 561 541 526 470 520 517 511 409 330 447 415 377 350 357 349 284 357 278 239 238 227 236 229 233
280 289 287 273 272 273 266 273 284 290 308 306 305 308 300 295 293 293 284 289 291 298 307 318 336 338 349 340 343 348 356 362 374 393 401 401 399 418 417 441 434 453 482 480 543 564 574 569 619 619 625 572 527 651 448 597 644 636 627 549 200 238 200 198 375 584 514 481 551 526 497 520 519 528 474 394 404 436 331 232 341 337 335 301 356 311 246 246 234 231 229 228
288 302 297 281 288 281 275 280 284 293 297 309 298 302 304 302 305 293 295 294 299 307 328 340 348 345 345 355 353 349 363 380 386 415 416 420 407 427 413 449 449 394 472 514 580 431 558 608 636 498 652 454 403 579 616 524 437 725 282 280 201 199 199 288 323 569 314 335 527 493 464 539 467 490 494 466 447 356 374 264 368 308 325 271 354 262 254 249 244 241 240 238
307 310 319 309 289 281 285 277 294 294 303 309 308 307 306 306 301 306 292 303 316 321 328 356 362 360 350 357 368 371 368 374 376 415 434 441 419 446 456 471 455 421 424 430 583 509 500 593 613 510 542 668 540 410 499 529 469 324 392 202 217 202 206 210 226 566 555 540 507 456 420 379 378 491 481 460 396 333 367 371 317 349 364 282 446 320 263 261 260 258 257 255
306 309 337 309 308 291 294 295 309 303 309 323 331 310 322 334 320 309 305 311 334 358 366 372 374 374 371 384 374 376 388 374 378 413 429 436 438 449 467 485 504 522 521 443 425 586 394 542 537 558 653 619 638 618 486 457 574 434 232 222 251 351 267 255 542 584 548 501 449 436 470 482 362 494 435 396 281 408 355 319 360 305 280 350 309 330 281 307 301 285 299 280
306 313 322 324 315 297 299 288 313 307 315 341 320 332 334 320 330 308 319 318 332 346 371 412 403 405 408 439 383 384 393 422 405 462 435 453 472 466 482 499 514 502 516 504 420 428 541 526 289 550 656 643 509 598 437 373 238 303 247 413 276 314 275 326 451 517 520 569 434 421 462 360 407 355 419 317 399 400 385 326 313 293 280 340 419 362 397 329 338 317 317 315
294 322 322 321 321 332 315 314 325 344 370 348 337 333 379 327 329 329 338 407 415 435 456 454 486 453 488 458 384 396 406 462 519 464 457 481 495 492 513 519 529 547 557 539 511 333 378 433 477 433 477 489 502 586 576 547 555 320 292 221 306 651 305 434 506 503 442 496 399 413 440 384 360 341 446 397 343 341 382 346 356 303 302 536 473 369 455 388 397 378 370 361
303 318 342 327 331 334 330 341 332 359 373 365 353 338 348 349 343 357 402 500 518 449 396 414 407 409 452 404 390 403 479 456 531 497 493 548 511 530 530 538 550 541 516 471 488 440 332 496 401 406 578 642 638 589 688 315 662 682 372 269 262 297 645 388 368 374 566 570 472 399 410 413 392 357 311 400 349 394 381 374 361 336 380 607 363 367 393 422 401 431 419 420
331 319 344 337 340 343 358 349 357 403 395 387 405 389 365 376 408 387 448 511 488 453 459 469 441 484 545 590 419 420 440 473 532 545 537 577 555 551 553 563 565 527 565 577 579 583 399 352 226 294 393 516 636 566 703 534 659 748 349 310 266 658 582 475 303 253 569 485 435 400 375 364 365 428 323 431 423 397 468 430 377 404 434 652 466 452 510 452 433 469 485 493
349 344 368 361 360 364 380 382 419 435 401 402 462 413 407 430 418 443 575 575 537 510 663 562 575 512 528 669 670 518 491 510 520 569 563 606 607 600 588 593 592 597 557 468 524 529 411 344 412 498 256 463 617 337 676 664 689 735 461 654 423 750 737 664 379 567 560 487 442 412 436 418 392 430 451 440 419 458 433 534 464 464 469 671 642 697 468 489 514 561 548 563
376 383 404 408 393 407 408 420 430 434 450 456 476 482 449 486 479 530 631 682 664 720 688 698 715 578 568 702 713 678 586 603 622 656 561 657 624 635 612 625 623 622 592 587 413 331 355 351 311 450 314 344 506 378 688 702 673 730 716 722 371 716 648 551 607 568 398 534 447 428 414 501 444 520 490 443 450 526 468 558 501 529 557 753 664 538 602 594 603 597 750 638
423 438 446 437 450 455 457 464 498 505 494 477 499 480 456 543 570 645 660 761 770 786 817 795 824 739 741 781 742 777 693 726 724 701 489 658 682 684 617 661 612 630 525 599 537 542 547 607 524 534 375 253 520 662 657 700 712 723 753 443 679 686 663 641 613 559 494 467 512 493 438 504 496 568 537 512 611 605 572 690 583 650 611 785 699 705 778 820 676 799 904 761
462 472 479 485 494 502 502 505 533 548 502 502 504 496 464 567 572 658 781 788 761 863 871 849 841 760 855 869 802 842 800 765 477 549 486 352 712 723 701 564 668 680 630 494 546 594 565 631 517 606 349 252 342 467 675 489 705 731 601 758 618 667 673 630 621 582 519 513 504 477 463 483 508 590 612 536 634 555 693 721 727 677 724 814 813 854 826 773 826 913 877 745
497 506 512 522 531 539 544 515 506 551 476 467 502 490 469 558 602 664 702 856 871 902 905 923 918 923 910 828 888 880 882 854 422 283 403 442 759 703 751 582 676 705 610 504 345 617 604 643 642 647 408 296 476 445 508 704 321 469 755 695 719 642 644 632 630 575 540 567 535 509 500 572 576 623 629 632 674 701 663 740 760 712 785 830 846 847 864 883 874 939 928 885
531 539 546 546 565 571 542 520 500 464 452 402 494 450 496 543 619 716 732 777 907 925 913 949 950 887 850 669 603 929 920 879 857 563 307 544 734 708 749 609 616 612 696 558 645 599 664 649 665 671 503 680 466 285 400 460 386 363 749 593 626 642 646 633 636 585 566 551 572 593 507 567 608 651 589 605 695 709 723 748 752 798 823 849 872 870 912 928 935 940 855 840
531 534 559 577 450 447 391 542 521 515 451 427 451 429 505 550 639 683 736 791 842 880 939 957 960 967 941 781 826 954 940 812 618 489 699 693 746 811 608 448 512 629 734 611 676 549 691 695 694 601 702 712 396 707 519 746 544 735 715 641 622 644 650 644 632 647 603 561 599 602 612 593 635 656 646 648 697 715 739 761 777 808 817 848 881 898 896 933 925 935 889 803
525 512 468 515 430 335 377 395 434 399 419 423 431 480 533 568 640 684 728 766 806 877 937 968 953 963 974 938 949 909 920 565 674 615 800 862 730 769 690 636 422 599 653 675 454 555 537 733 722 709 571 730 581 749 717 712 740 751 651 714 693 654 660 626 659 663 625 630 575 631 600 625 634 648 662 623 693 713 743 765 792 809 828 822 880 906 920 931 942 950 954 943
487 465 482 432 341 303 325 328 324 345 384 396 430 479 524 589 636 697 749 806 842 887 928 961 922 944 945 969 967 714 708 703 598 915 895 805 754 661 636 567 675 740 823 762 775 662 390 787 768 735 773 759 773 719 694 734 632 706 665 637 691 666 663 641 671 679 652 677 651 620 586 594 617 632 577 622 667 689 727 758 772 804 837 820 854 885 916 927 939 947 953 957
437 397 359 361 344 301 308 310 325 336 367 411 424 459 514 576 647 719 724 747 853 914 947 928 928 953 954 982 887 734 368 921 973 919 868 916 714 824 535 638 843 894 893 722 858 751 516 804 827 684 807 773 745 763 618 616 739 681 597 605 667 682 649 625 664 685 676 673 579 563 536 597 541 514 581 592 647 687 717 726 761 772 788 808 808 833 877 892 932 934 942 949
410 422 416 359 339 338 333 319 340 366 386 401 434 441 515 576 640 710 691 804 883 881 933 943 963 970 970 982 986 985 988 977 953 953 906 912 608 822 787 605 584 609 718 913 922 903 845 700 865 661 821 829 656 651 578 773 590 602 567 684 658 613 593 573 637 599 600 667 526 537 550 507 507 477 563 583 594 611 627 688 706 728 743 766 802 829 843 859 891 900 925 933
415 420 391 336 326 342 342 340 341 356 375 399 429 459 487 536 582 677 795 829 882 942 962 977 980 981 981 983 987 986 949 967 801 633 740 933 918 640 540 576 631 350 473 877 960 829 905 824 895 878 647 708 832 523 497 492 495 528 556 571 573 587 584 562 556 534 525 512 498 490 501 460 464 449 517 501 512 534 586 626 662 675 697 717 746 773 804 835 858 880 884 892
416 421 345 333 327 333 347 344 345 356 371 391 418 449 481 520 591 639 800 871 901 945 975 984 981 983 976 985 986 983 986 968 828 795 751 941 970 967 854 954 957 672 392 574 967 964 953 861 910 898 620 597 690 596 506 488 472 489 539 564 548 540 543 555 549 542 521 502 484 464 453 444 436 438 457 454 486 494 521 558 592 622 650 680 710 741 771 799 822 841 856 864
371 376 376 334 353 349 341 346 348 359 379 398 423 455 489 524 580 676 774 860 854 906 951 984 983 982 984 985 986 963 941 832 935 960 971 975 972 950 972 973 975 971 829 739 957 955 954 914 915 853 608 529 500 463 463 461 464 473 500 518 522 506 511 500 506 513 504 495 479 454 441 437 427 419 415 417 428 454 489 523 556 587 617 647 678 709 739 766 791 810 824 825
362 339 339 310 328 343 332 340 345 361 384 405 434 466 498 531 575 666 724 796 875 908 922 967 979 983 983 984 984 976 978 980 826 935 974 968 966 969 963 967 961 965 963 960 964 958 931 945 859 714 592 531 493 454 445 442 456 450 466 492 487 476 482 479 479 476 468 462 454 429 427 427 422 412 410 412 422 442 469 499 -9999 -9999 -9999 -9999 -9999 -9999 -9999 -9999 -9999 -9999 -9999 -9999
341 316 331 313 313 323 331 338 348 366 387 413 444 -9999 -9999 -9999 581 625 682 733 775 837 868 963 971 977 982 981 979 979 965 965 971 969 967 965 964 963 959 964 957 958 956 951 957 939 952 923 887 632 550 504 474 451 444 434 439 446 440 458 457 449 452 448 439 442 442 441 433 435 422 417 413 410 408 412 -9999 -9999 -9999 -9999 -9999 -9999 -9999 -9999 -9999 -9999 -9999 -9999 -9999 -9999 -9999 -9999
326 323 331 318 320 325 334 340 353 369 390 414 -9999 -9999 -9999 -9999 -9999 633 673 715 756 808 840 900 922 947 951 953 948 960 965 939 941 951 949 946 944 941 928 942 921 951 937 922 945 939 934 800 683 594 550 511 473 454 437 426 428 432 433 433 430 425 422 420 420 423 425 427 426 419 415 412 408 -9999 -9999 -9999 -9999 -9999 -9999 -9999 -9999 -9999 -9999 -9999 -9999 -9999 -9999 -9999 -9999 -9999 -9999 -9999
332 338 333 319 322 329 336 343 353 367 384 408 -9999 -9999 -9999 -9999 -9999 623 659 706 780 809 846 851 857 875 889 904 913 926 919 918 928 927 942 928 926 907 922 900 889 859 863 929 867 909 886 742 581 550 518 482 474 441 422 430 423 417 421 418 418 412 410 409 408 414 419 421 416 413 410 -9999 -9999 -9999 -9999 -9999 -9999 -9999 -9999 -9999 -9999 -9999 -9999 -9999 -9999 -9999 -9999 -9999 -9999 -9999 -9999 -9999
340 346 328 337 333 336 339 343 402 401 382 397 422 -9999 -9999 -9999 -9999 607 643 758 785 820 816 813 827 846 867 878 888 894 896 900 918 919 915 903 891 889 863 859 871 808 777 804 816 659 628 576 545 510 487 475 449 434 420 407 407 406 406 405 403 403 401 402 403 407 406 407 407 -9999 -9999 -9999 -9999 -9999 -9999 -9999 -9999 -9999 -9999 -9999 -9999 -9999 -9999 -9999 -9999 -9999 -9999 -9999 -9999 -9999 -9999 -9999
374 371 356 349 348 353 366 376 387 363 365 384 408 -9999 -9999 -9999 551 589 695 732 726 744 759 787 809 829 848 860 874 882 883 896 923 914 914 896 884 859 843 821 829 838 809 734 708 645 629 587 556 559 514 503 514 540 552 496 465 448 435 437 425 408 402 394 394 394 396 397 -9999 -9999 -9999 -9999 -9999 -9999 -9999 -9999 -9999 -9999 -9999 -9999 -9999 -9999 -9999 -9999 -9999 -9999 -9999 -9999 -9999 -9999 -9999 -9999
371 370 368 360 355 354 354 364 354 344 352 369 -9999 -9999 -9999 -9999 535 589 684 720 696 700 734 763 787 805 821 838 865 871 887 890 894 901 915 898 894 913 904 894 861 819 815 710 702 672 685 621 622 599 683 669 581 569 519 513 473 447 425 413 413 394 386 381 382 384 -9999 -9999 -9999 -9999 -9999 -9999 -9999 -9999 -9999 -9999 -9999 -9999 -9999 -9999 -9999 -9999 -9999 -9999 -9999 -9999 -9999 -9999 -9999 -9999 -9999 -9999
373 372 382 363 355 354 350 346 343 337 343 -9999 377 405 439 478 578 594 677 667 643 673 705 732 755 774 790 818 838 879 883 892 907 908 910 910 903 901 886 864 837 819 777 753 720 748 832 696 815 778 679 700 771 659 564 513 440 409 419 401 390 388 374 374 375 -9999 -9999 -9999 -9999 -9999 -9999 -9999 -9999 -9999 -9999 -9999 -9999 -9999 -9999 -9999 -9999 -9999 -9999 -9999 -9999 -9999 -9999 -9999 -9999 -9999 -9999 -9999
386 377 358 354 353 350 346 341 337 334 -9999 357 366 390 421 622 593 651 634 629 631 641 686 757 763 800 753 767 828 879 867 867 902 886 889 890 887 872 841 860 838 824 775 765 812 867 849 869 850 788 843 799 730 650 559 517 453 426 406 388 381 372 370 369 -9999 -9999 -9999 -9999 -9999 -9999 -9999 -9999 -9999 -9999 -9999 -9999 -9999 -9999 -9999 -9999 -9999 -9999 -9999 -9999 -9999 -9999 -9999 -9999 -9999 -9999 -9999 -9999
357 343 347 349 346 343 -9999 -9999 -9999 -9999 333 342 355 389 413 549 556 588 548 560 587 602 625 674 669 689 709 779 825 815 876 873 875 874 875 845 848 832 866 859 847 841 841 852 865 837 865 828 849 774 825 721 633 646 553 464 434 415 396 382 375 370 -9999 -9999 -9999 -9999 -9999 -9999 -9999 -9999 -9999 -9999 -9999 -9999 -9999 -9999 -9999 -9999 -9999 -9999 -9999 -9999 -9999 -9999 -9999 -9999 -9999 -9999 -9999 -9999 -9999 -9999
334 337 339 -9999 -9999 -9999 -9999 -9999 -9999 -9999 -9999 334 344 359 463 452 535 474 504 525 541 559 579 598 618 657 681 712 787 828 839 837 842 843 825 810 815 840 853 858 855 856 859 860 855 820 843 797 843 826 754 688 617 611 563 465 430 419 393 383 375 -9999 -9999 -9999 -9999 -9999 -9999 -9999 -9999 -9999 -9999 -9999 -9999 -9999 -9999 -9999 -9999 -9999 -9999 -9999 -9999 -9999 -9999 -9999 -9999 -9999 -9999 -9999 -9999 -9999 -9999 -9999
327 -9999 -9999 -9999 -9999 -9999 -9999 -9999 -9999 -9999 -9999 -9999 335 346 362 386 412 440 468 502 551 546 532 550 568 584 629 758 740 776 737 799 751 767 760 766 810 822 815 800 851 851 860 870 864 865 842 833 820 670 621 646 584 549 500 460 432 413 399 386 -9999 -9999 -9999 -9999 -9999 -9999 -9999 -9999 -9999 -9999 -9999 -9999 -9999 -9999 -9999 -9999 -9999 -9999 -9999 -9999 -9999 -9999 -9999 -9999 -9999 -9999 -9999 -9999 -9999 -9999 -9999 -9999
-9999 -9999 -9999 -9999 -9999 -9999 -9999 -9999 -9999 -9999 -9999 -9999 -9999 336 349 366 387 410 432 450 463 476 490 529 522 541 576 601 624 649 661 678 702 719 708 717 779 750 778 815 846 854 798 789 794 856 754 721 659 627 595 561 543 513 479 448 428 412 397 -9999 -9999 -9999 -9999 -9999 -9999 -9999 -9999 -9999 -9999 -9999 -9999 -9999 -9999 -9999 -9999 -9999 -9999 -9999 -9999 -9999 -9999 -9999 -9999 -9999 -9999 -9999 -9999 -9999 -9999 -9999 -9999 -9999
-9999 -9999 -9999 -9999 -9999 -9999 -9999 -9999 -9999 -9999 -9999 -9999 -9999 -9999 339 352 367 -9999 -9999 414 426 440 453 468 483 499 516 546 567 590 614 622 634 671 678 682 684 712 756 807 822 817 811 867 883 798 771 716 630 593 571 547 513 493 463 441 422 406 -9999 -9999 -9999 -9999 -9999 -9999 -9999 -9999 -9999 -9999 -9999 -9999 -9999 -9999 -9999 -9999 -9999 -9999 -9999 -9999 -9999 -9999 -9999 -9999 -9999 -9999 -9999 -9999 -9999 -9999 -9999 -9999 -9999 -9999
-9999 -9999 -9999 -9999 -9999 -9999 -9999 -9999 -9999 -9999 -9999 -9999 -9999 -9999 -9999 -9999 -9999 -9999 -9999 -9999 -9999 -9999 -9999 434 -9999 462 477 492 525 554 534 546 558 584 637 603 624 705 736 771 721 706 721 831 834 794 665 631 609 565 543 519 496 477 456 434 415 -9999 -9999 -9999 -9999 -9999 -9999 -9999 -9999 -9999 -9999 -9999 -9999 -9999 -9999 -9999 -9999 -9999 -9999 -9999 -9999 -9999 -9999 -9999 -9999 -9999 -9999 -9999 -9999 -9999 -9999 -9999 -9999 -9999 -9999 -9999
