bccvl_visualiser/tests/fixtures/biomod_2_pkg_0_to_1000.asc
ncols         886
nrows         691
xllcorner     111.975
yllcorner     -44.525
cellsize      0.05
NODATA_value  -9999
[rows 328 to 368 of 691, columns 736 to 827 of 886]
196 197 200 199 198 198 198 199 201 203 202 202 203 202 205 208 207 210 208 211 213 214 216 216 213 212 214 212 211 212 213 212 212 213 214 216 219 223 224 227 222 227 229 230 233 234 232 235 239 240 236 244 249 265 275 276 269 260 275 275 297 305 279 284 287 287 319 317 365 385 361 397 440 481 420 366 532 400 434 517 552 637 622 633 576 539 542 508 -9999 -9999 -9999 -9999
197 197 199 198 198 197 198 200 200 202 201 204 202 203 205 206 206 206 209 207 211 211 213 217 214 212 212 212 211 210 211 212 212 213 215 217 219 220 220 221 224 225 223 228 231 226 230 234 241 239 241 237 241 250 265 275 280 261 270 269 278 296 288 278 285 283 333 321 331 369 370 425 415 406 368 416 430 482 428 472 559 635 678 667 605 569 553 522 -9999 -9999 -9999 -9999
197 197 198 197 197 198 199 198 199 200 201 201 201 204 204 204 205 205 206 207 208 211 209 211 212 212 211 213 209 210 209 212 212 211 214 217 218 216 216 217 218 218 219 220 222 225 229 235 242 246 242 244 248 251 253 283 273 272 272 279 282 312 286 281 283 288 312 316 423 368 379 458 459 406 402 485 382 434 478 505 574 688 749 631 626 598 566 538 506 -9999 -9999 -9999
196 198 197 197 197 198 198 198 199 201 200 201 201 203 203 204 205 205 207 208 209 209 207 208 208 209 211 206 208 208 208 209 212 213 213 215 215 214 214 215 215 215 218 222 221 223 228 237 238 262 249 250 249 250 259 261 267 266 290 290 278 293 299 314 283 298 323 322 351 354 355 388 403 362 345 471 477 584 526 513 684 743 745 647 737 626 586 550 516 -9999 -9999 -9999
197 196 196 196 198 198 197 198 198 199 201 200 201 203 203 203 205 205 206 206 206 208 209 207 208 207 208 208 206 208 209 212 211 211 213 214 214 212 213 213 213 213 214 222 232 230 227 233 244 244 255 277 257 253 264 277 277 275 299 283 287 301 303 302 285 305 328 330 330 318 364 389 409 395 414 449 442 545 573 522 833 844 780 767 718 638 594 560 524 -9999 -9999 -9999
198 196 196 197 198 198 197 198 198 199 201 201 200 201 202 203 203 205 205 205 205 206 207 206 206 206 205 206 206 209 210 209 209 210 211 211 211 212 211 211 212 212 214 216 218 221 227 229 235 242 250 254 269 260 269 270 289 287 274 273 304 297 286 279 304 323 360 309 292 344 353 343 358 380 412 467 544 445 636 678 663 770 839 707 672 632 602 566 529 -9999 -9999 -9999
196 197 196 197 197 197 198 197 198 199 201 201 201 200 202 202 202 203 204 203 203 205 206 206 205 205 206 206 206 207 208 208 209 210 213 212 211 210 210 210 211 213 214 216 218 222 225 228 233 241 244 253 274 291 279 278 300 292 270 290 287 273 279 289 294 319 301 308 282 300 346 391 330 373 460 617 616 586 484 761 845 812 862 721 676 667 606 569 532 -9999 -9999 -9999
197 196 196 197 197 198 198 197 197 199 201 201 201 201 201 201 201 202 203 203 202 203 204 205 205 204 205 205 205 206 207 208 209 211 210 210 209 210 210 211 212 212 214 215 217 219 223 225 229 237 237 244 265 316 325 328 275 283 300 269 268 275 285 324 298 290 284 303 272 284 332 337 308 376 464 500 600 576 657 690 845 866 822 756 722 647 607 567 532 -9999 -9999 -9999
197 197 196 197 199 198 198 198 198 198 199 200 200 201 199 201 200 201 202 202 201 203 205 204 204 205 205 204 205 206 207 207 209 209 208 208 208 209 209 211 212 213 214 215 216 218 220 223 224 227 230 244 252 282 322 316 325 272 263 261 263 268 302 304 313 283 324 320 308 281 320 365 380 347 363 396 517 580 667 690 814 781 839 704 700 639 605 563 531 -9999 -9999 -9999
197 197 197 197 198 198 198 197 197 198 198 199 199 199 200 200 200 200 201 201 201 201 202 202 203 203 203 204 205 205 206 206 206 207 208 209 209 210 210 210 212 213 213 215 215 217 219 220 222 224 227 233 235 251 316 469 329 289 291 283 279 320 347 320 311 310 328 336 328 279 298 291 364 350 316 449 390 519 722 779 670 716 648 625 615 614 588 558 529 -9999 -9999 -9999
197 197 198 197 197 197 198 198 198 197 198 199 199 199 199 200 200 200 200 200 200 201 201 201 202 203 203 203 205 207 208 207 207 208 209 209 209 210 211 212 211 212 212 214 215 216 217 219 219 224 228 226 229 239 258 322 491 348 299 285 299 331 347 318 283 332 347 352 313 265 265 278 311 323 318 328 441 437 517 702 597 657 697 580 577 570 565 550 524 496 -9999 -9999
198 197 197 198 197 197 198 197 197 197 198 198 198 199 198 199 199 199 200 200 200 201 201 202 202 202 202 203 204 206 207 208 207 207 208 210 209 210 211 211 213 211 212 213 214 215 217 218 220 224 226 226 224 230 249 256 319 283 297 307 283 276 284 285 326 319 299 325 274 285 265 268 278 315 328 312 341 374 421 503 557 547 533 692 527 529 538 536 516 492 -9999 -9999
198 197 197 197 197 196 197 197 197 197 197 197 197 197 198 198 198 198 199 199 200 200 200 200 201 201 202 203 205 206 209 207 208 208 209 210 209 210 211 211 212 213 212 212 213 215 216 218 218 220 221 224 228 231 241 242 276 261 289 285 270 282 281 308 328 302 304 293 264 261 262 266 270 402 445 314 338 576 460 528 520 502 461 506 481 498 499 508 504 486 -9999 448
199 197 197 197 197 197 197 197 197 197 197 197 198 197 197 197 198 198 198 199 199 200 200 200 201 202 202 203 204 206 207 208 208 209 210 209 210 211 213 212 215 213 214 215 214 214 216 217 218 220 225 224 223 225 228 235 249 253 259 278 282 288 309 305 286 292 312 298 331 281 335 286 261 271 368 373 404 430 591 571 596 398 399 409 441 455 466 477 485 477 461 447
198 197 197 197 197 197 197 196 197 197 198 197 198 199 198 198 198 198 198 199 199 199 199 200 201 201 202 202 203 205 207 208 208 210 211 210 210 211 213 212 216 213 215 215 214 215 215 216 217 218 220 221 221 227 233 239 246 247 261 290 288 283 274 286 294 314 319 302 300 306 315 261 272 267 316 337 321 362 658 655 521 448 366 366 393 420 436 453 465 -9999 456 446
197 197 197 197 196 197 197 197 197 197 198 198 198 199 198 198 198 198 198 199 199 199 199 200 200 201 201 202 203 204 205 207 209 210 211 210 210 210 214 215 215 216 217 214 214 214 214 215 216 217 218 219 220 221 228 230 241 241 252 258 286 298 298 282 304 345 340 333 312 282 288 268 319 282 267 279 305 347 390 418 478 529 367 363 374 392 412 431 -9999 -9999 453 445
197 197 197 197 197 197 197 198 197 198 199 199 199 198 198 199 198 198 198 198 199 199 199 199 200 200 201 202 203 203 204 205 207 208 209 210 210 212 213 216 219 218 215 214 214 214 214 214 215 216 216 218 219 220 223 227 231 239 250 257 276 300 286 301 326 374 366 334 304 307 265 284 272 278 265 317 345 423 619 361 354 400 395 370 365 374 392 -9999 -9999 -9999 450 445
197 197 197 197 197 197 198 198 198 198 199 200 198 198 198 199 198 198 198 199 199 199 199 200 200 200 201 202 203 203 204 205 206 206 207 210 210 212 212 216 218 215 214 215 214 214 214 215 214 215 216 217 218 219 223 230 232 238 246 260 276 287 313 365 361 361 341 334 311 355 301 291 276 269 272 273 312 523 452 555 387 344 353 355 363 364 384 403 -9999 -9999 452 448
197 197 196 197 198 199 199 199 199 199 200 199 199 199 199 198 198 198 199 199 199 199 199 200 200 200 201 202 202 203 204 205 206 206 207 210 211 214 215 214 215 217 217 215 214 214 214 215 215 215 215 216 217 219 222 228 234 240 248 256 262 276 301 312 361 393 375 379 327 375 300 298 279 284 267 267 337 346 481 654 654 344 368 347 345 364 375 399 -9999 -9999 -9999 452
197 197 197 197 199 201 200 199 199 200 199 200 199 200 199 198 199 199 199 199 199 199 200 200 200 201 201 202 203 203 204 205 206 207 207 208 211 213 210 213 215 216 215 215 215 214 214 215 215 214 216 216 217 219 221 224 232 236 242 246 261 273 284 324 332 404 384 429 345 361 266 269 262 272 264 262 268 354 338 566 557 421 335 330 350 355 370 397 429 -9999 -9999 -9999
196 197 198 198 199 199 198 198 199 200 201 201 199 201 200 199 199 200 200 200 200 200 200 200 201 202 202 202 203 204 205 205 206 206 207 208 208 210 212 213 216 217 215 215 216 219 217 216 217 215 216 217 218 220 222 225 227 232 236 242 250 265 283 312 335 339 386 451 365 299 306 253 248 249 250 250 253 295 346 385 390 343 337 335 331 338 361 393 430 463 -9999 -9999
197 197 198 198 199 198 197 199 199 199 200 199 198 199 201 200 200 202 201 200 200 201 201 201 201 202 202 203 203 204 205 206 206 207 207 208 211 211 211 215 216 216 215 216 218 221 221 218 218 216 218 218 219 220 222 225 229 233 234 243 255 303 300 339 342 285 287 330 383 312 279 253 250 247 241 249 246 259 318 329 367 409 334 327 311 320 350 392 434 471 482 472
196 197 197 197 197 197 197 198 199 200 199 200 198 198 199 200 200 201 201 201 201 201 201 202 202 202 203 204 204 205 206 207 206 206 207 208 211 213 212 213 214 218 216 217 220 222 222 219 217 218 218 219 220 221 224 226 230 234 241 241 255 263 279 326 286 266 264 293 282 269 262 248 245 246 238 247 258 252 256 265 310 386 299 297 303 316 348 397 444 488 496 480
197 197 197 197 197 197 198 198 199 199 198 198 198 200 198 199 199 199 201 201 201 202 201 202 202 203 204 203 205 205 205 206 206 207 208 208 210 212 215 214 217 217 217 218 222 223 224 221 218 219 219 220 221 222 225 229 231 237 245 250 251 272 302 310 297 255 251 250 263 250 249 247 239 268 247 252 251 256 260 263 262 269 277 290 299 347 351 394 453 512 504 489
197 197 197 198 197 198 198 198 199 200 199 198 198 199 199 199 199 199 199 200 201 201 201 202 202 203 203 204 205 205 205 206 206 207 208 210 209 212 211 211 216 213 218 219 219 223 226 222 220 220 219 221 222 224 227 237 247 237 258 256 249 269 305 327 275 261 263 253 260 251 258 252 254 261 262 270 257 249 252 249 257 268 273 294 301 336 359 403 455 498 504 499
196 197 197 198 198 198 198 199 199 198 199 198 198 198 199 198 198 199 199 200 200 200 201 201 202 203 203 204 204 205 205 206 206 207 207 207 208 208 208 211 210 211 212 215 220 224 225 223 220 221 222 222 224 226 230 241 250 251 253 248 252 261 287 318 262 256 273 287 316 265 275 265 260 272 261 244 243 245 244 253 256 269 273 293 302 326 355 388 460 492 508 507
196 197 198 198 198 198 198 198 197 197 199 198 197 198 199 198 198 199 199 201 200 200 201 201 202 203 203 204 205 205 206 206 207 207 206 206 206 207 208 207 208 212 212 216 218 221 224 222 221 221 222 223 225 227 229 235 240 254 259 245 246 248 256 290 304 272 287 295 289 288 337 300 322 265 249 246 248 247 251 254 262 284 284 294 306 328 349 383 432 483 519 515
197 197 198 197 198 197 198 198 198 197 197 198 197 198 198 198 198 198 199 200 200 200 200 201 202 203 204 204 205 206 206 206 206 206 206 206 207 207 206 207 210 210 211 217 221 224 225 224 221 222 222 224 224 227 230 233 246 241 245 239 262 246 262 272 310 299 271 312 312 329 351 303 342 272 267 254 261 256 252 277 275 278 283 292 297 320 342 388 430 479 520 523
197 197 197 197 197 197 198 197 197 197 197 197 197 198 199 198 198 198 199 199 199 200 201 201 202 203 204 204 205 206 206 206 205 207 207 207 207 209 207 208 210 212 213 214 217 220 222 222 223 223 223 223 226 226 229 233 237 240 242 237 244 265 261 266 266 295 282 312 315 341 362 364 377 278 263 278 269 250 254 254 305 280 285 280 294 316 345 396 455 482 520 537
197 197 197 196 197 197 197 198 197 197 197 197 197 198 198 198 198 198 199 199 200 200 201 202 202 203 204 205 205 206 206 206 206 205 206 207 208 208 207 208 209 209 211 214 214 219 221 225 224 224 224 224 225 227 228 231 233 235 236 245 248 250 252 253 264 270 291 327 308 338 377 379 385 316 274 269 255 258 262 262 279 271 264 272 291 315 343 376 445 502 525 550
196 197 196 196 196 197 197 196 196 196 196 197 197 197 198 198 198 199 199 199 200 200 201 202 202 203 204 204 205 206 206 205 205 206 206 206 207 209 209 208 208 209 212 212 216 216 219 226 228 225 226 226 226 228 230 231 234 237 241 245 246 258 247 253 262 280 279 319 305 332 349 406 394 327 328 281 269 263 276 311 370 299 268 269 316 344 337 391 602 496 528 556
196 196 196 196 196 195 195 196 196 196 196 197 197 197 198 199 199 198 199 199 200 201 202 203 203 203 203 204 205 205 206 206 207 206 207 207 209 209 210 210 210 210 211 213 216 221 218 222 237 225 227 228 227 230 232 234 238 239 241 246 244 247 249 254 262 271 279 282 323 341 343 396 409 340 334 276 266 269 268 257 320 267 280 275 308 345 343 398 585 497 556 565
195 196 196 195 195 195 195 195 196 196 196 197 197 197 198 199 199 199 199 200 200 201 202 203 204 204 204 204 206 206 206 206 207 208 208 208 209 209 207 209 210 209 212 214 216 217 219 222 223 228 234 230 228 232 237 237 241 247 246 254 247 253 256 263 263 269 276 287 339 315 365 600 376 324 307 303 420 285 262 277 305 286 276 281 290 324 375 423 599 535 562 574
195 195 195 195 195 195 195 196 196 197 197 197 197 198 198 199 199 199 199 200 201 201 202 202 203 204 204 204 205 207 206 208 207 207 206 207 207 206 206 207 208 210 211 213 214 219 216 214 217 219 226 229 230 233 238 244 242 257 256 255 252 256 255 258 262 266 276 286 293 311 446 393 452 358 359 300 276 271 295 432 306 287 283 290 318 332 532 616 537 612 613 594
195 195 195 195 195 195 195 196 196 196 197 198 198 198 198 199 199 200 199 200 202 202 202 202 203 204 204 204 207 206 205 206 207 206 205 205 206 205 205 206 208 209 210 210 213 221 214 211 213 215 218 225 231 237 244 244 246 253 261 271 254 259 263 261 261 264 269 280 318 333 354 562 676 340 311 393 298 291 400 303 284 277 275 285 338 375 477 543 666 593 627 635
195 195 195 195 195 195 195 195 195 195 196 197 198 199 199 199 200 200 200 200 201 202 202 202 203 203 203 205 205 205 205 206 206 205 205 205 205 205 205 205 205 207 208 210 212 214 215 211 210 212 215 219 227 241 245 247 249 260 259 270 270 256 257 261 262 273 270 283 299 327 357 502 617 409 363 319 310 317 311 311 308 330 280 298 341 390 536 680 688 697 734 737
195 195 195 195 195 195 195 195 195 196 196 196 197 198 199 198 199 199 199 200 200 201 201 202 202 203 204 204 205 205 205 205 206 205 205 205 205 206 205 205 206 205 206 209 210 212 210 209 209 213 214 219 235 242 250 250 253 265 267 262 261 269 267 261 260 265 275 274 288 329 571 382 575 690 557 371 379 335 390 329 388 308 291 313 332 541 736 706 719 719 722 719
195 195 195 195 195 195 195 195 195 196 196 196 197 198 200 198 198 199 199 199 200 200 201 202 202 203 204 204 205 205 205 206 205 206 206 205 205 205 204 204 204 205 206 209 212 210 211 210 209 210 215 220 223 233 250 254 261 270 268 264 270 267 266 278 269 264 266 273 284 308 609 460 692 701 661 445 463 691 376 338 352 318 312 486 354 422 603 659 632 727 748 703
194 194 195 195 195 195 195 195 196 196 196 197 198 198 198 198 198 199 199 199 200 200 201 201 202 203 203 204 205 205 206 206 206 206 205 205 205 205 204 204 204 204 205 206 211 207 207 208 208 210 213 217 228 233 239 253 256 271 279 285 295 266 267 275 283 268 267 273 283 299 339 401 642 506 573 473 670 763 492 541 353 465 386 750 517 529 695 710 692 700 679 697
194 195 195 195 195 195 195 195 196 197 197 197 197 198 198 198 198 199 199 199 200 200 201 201 203 203 204 204 205 206 206 206 206 206 205 205 205 204 204 203 203 204 204 207 205 207 206 206 208 210 216 217 221 231 232 241 262 270 288 276 281 282 281 291 272 285 271 275 289 300 332 493 623 380 597 546 445 472 431 472 615 460 646 553 628 787 738 620 634 667 680 696
194 195 195 195 195 195 195 195 196 196 197 197 197 197 198 198 198 199 199 199 200 200 201 201 202 203 203 204 205 206 206 206 206 206 205 205 205 204 203 203 203 203 204 205 204 203 204 206 209 211 211 216 219 233 235 243 254 275 285 277 284 295 315 363 336 301 280 282 295 318 343 502 358 427 569 452 434 495 445 449 482 541 597 480 622 800 795 675 663 773 771 722
